234
sdfsd
23
3
3
3
3
3
3
3
3
3
3
3
3
3
3
3
3
3
3
3
3
3
3
3
3
3
3
3
3
3
3
3
3
3
3
3
3
3
3
3
3
3
3
3
3
3
3
3
3
3
3
3
3
3
3
3
3
3
3
3
3
3
3
3
3
3
3
3
3
3
3
3
3
3
3
3
3
3
3
3
3
3
3
3
3
3
3
3
3
3
3
3
3
3
3
3
3
3
3
3
3
3
3
3
3
3
3
3
3
3
3
3
3
3
3
3
3
3
3
3
3
3
3
3
3
3
3
3
3
3
3
3
3
3
3
3
3
33
3
3
3

3
3
3
3
3
3
3
3
3
3
3
3
3
3
3
3

3
3
3
3
3
3
3
3
3
3
3
3
3
3
33
3
3
3

3
3
3
3
3
3
3
3
3
3
3
3
3
3
3
3
3
3
3

33
3
3
3
3
33
3
3
3

3
3
3
3
3
3
3
3
3
3

3
3
33
3
3
3

33
3
3
3
3

3
3
3
3
3
3

3
3
3
3
3
3
3

3
3
3
33
3
3
3
3
3
3
3
3
3

3
3
3
3
3

3
3
3
3
3
3
3
3
3
3
3
3
3
3

3
3
3
3
3
3
3
3

3
3
3
3
3
3
3
3
3
3
3
3

33
3
3
3
3
3
3

3
3
3
3
3
3
3
3
3
3
3
3
333333333333333333333333333333333333333333333333333333333333333333333333333333333333333333333333333333333333333333333333333333333333333333333333333333333333333333333333333333333333333333333333333333333333333333333333333333333333333333333333333333333333333333333333333333333333333333333333333333333333333333333333333333333333333333333333333333333333333333333333333333333333333333333333333333333333333333333333333333333333333333333333333333333333333333333333333333333333333333333333333333333333333333333333333333333333333333333333333333333333333333333333333333333333333333333333333333333333333333333333333333333333333333333333333333333333333333333333333333333333333333333333333333333333333333333333333333333333333333333333
3
3
3
3
3

3
3
3
3
3
3

3
3
3
3
3
3
3
3
33
3
3
3
3

33
3
3
3
3

333
3
3
3

3